00000000 00501100 00000000 00000100 00000000 00000000 00000000 00000000 00000000 00000000 00000000 00000000 00000000 00000000 00000000 00000000 00000000 00000000
00000001 00601110 00000000 00000110 00000000 00000000 00000000 00000100 00000000 00000000 00000000 00000000 00000000 00000000 00000000 00000000 00000000 00000000
00000002 00701120 00000000 00000120 00000000 00000000 00000000 00000100 00000110 00000000 00000000 00000000 00000000 00000000 00000000 00000000 00000000 00000000
00000003 00D011FF 00000000 000001FF 00000000 00000000 00000000 00000100 00000110 00000120 00000000 00000000 00000000 00000000 00000000 00000000 00000000 00000000
00000004 01DD1002 00000000 00000002 00000000 00000000 00000000 00000100 00000110 00000120 00000000 00000000 00000000 00000000 00000000 000001FF 00000000 00000000
00000005 0FD91002 00000000 00000002 00000000 00000000 00000000 00000100 00000110 00000120 00000000 00000000 00000000 00000000 00000000 000001FD 00000000 00000000
00000006 0FDA1001 00000000 00000001 00000000 00000000 00000000 00000100 00000110 00000120 00000000 00000000 00000000 00000000 00000000 000001FD 00000000 00000000
00000007 0FDB1000 00000000 00000000 00000000 00000000 00000000 00000100 00000110 00000120 00000000 00000000 00000000 00000000 00000000 000001FD 00000000 00000000
00000008 00801010 00000000 00000010 00000000 00000000 00000000 00000100 00000110 00000120 00000000 00000000 00000000 00000000 00000000 000001FD 00000000 00000000
00000009 0E950000 00000000 00000000 00000000 00000000 00000000 00000100 00000110 00000120 00000010 00000000 00000000 00000000 00000000 000001FD 00000000 00000000
0000000A 0EA60000 00000000 00000000 00000000 00000000 00000000 00000100 00000110 00000120 00000010 00000000 00000000 00000000 00000000 000001FD 00000000 00000000
0000000B 00B9A000 00000000 00000000 00000000 00000000 00000000 00000100 00000110 00000120 00000010 00000000 00000000 00000000 00000000 000001FD 00000000 00000000
0000000C 0FB70000 00000000 00000000 00000000 00000000 00000000 00000100 00000110 00000120 00000010 00000000 00000000 00000000 00000000 000001FD 00000000 00000000
0000000D 00551001 00000000 00000001 00000000 00000000 00000000 00000100 00000110 00000120 00000010 00000000 00000000 00000000 00000000 000001FD 00000000 00000000
0000000E 00661001 00000000 00000001 00000000 00000000 00000000 00000101 00000110 00000120 00000010 00000000 00000000 00000000 00000000 000001FD 00000000 00000000
0000000F 00771001 00000000 00000001 00000000 00000000 00000000 00000101 00000111 00000120 00000010 00000000 00000000 00000000 00000000 000001FD 00000000 00000000
00000010 01881001 00000000 00000001 00000000 00000000 00000000 00000101 00000111 00000121 00000010 00000000 00000000 00000000 00000000 000001FD 00000000 00000000
00000011 08180009 00000000 00000009 00000000 00000000 00000000 00000101 00000111 00000121 0000000F 00000000 00000000 00000000 00000000 000001FD 00000000 00000000
00000009 0E950000 00000000 00000000 00000000 00000000 00000000 00000101 00000111 00000121 0000000F 00000000 00000000 00000000 00000000 000001FD 00000000 00000000
0000000A 0EA60000 00000000 00000000 00000000 00000000 00000000 00000101 00000111 00000121 0000000F 00000001 00000000 00000000 00000000 000001FD 00000000 00000000
0000000B 00B9A000 00000000 00000000 00000000 00000000 00000000 00000101 00000111 00000121 0000000F 00000001 0000000A 00000000 00000000 000001FD 00000000 00000000
0000000C 0FB70000 00000000 00000000 00000000 00000000 00000000 00000101 00000111 00000121 0000000F 00000001 0000000A 0000000B 00000000 000001FD 00000000 00000000
0000000D 00551001 00000000 00000001 00000000 00000000 00000000 00000101 00000111 00000121 0000000F 00000001 0000000A 0000000B 00000000 000001FD 00000000 00000000
0000000E 00661001 00000000 00000001 00000000 00000000 00000000 00000102 00000111 00000121 0000000F 00000001 0000000A 0000000B 00000000 000001FD 00000000 00000000
0000000F 00771001 00000000 00000001 00000000 00000000 00000000 00000102 00000112 00000121 0000000F 00000001 0000000A 0000000B 00000000 000001FD 00000000 00000000
00000010 01881001 00000000 00000001 00000000 00000000 00000000 00000102 00000112 00000122 0000000F 00000001 0000000A 0000000B 00000000 000001FD 00000000 00000000
00000011 08180009 00000000 00000009 00000000 00000000 00000000 00000102 00000112 00000122 0000000E 00000001 0000000A 0000000B 00000000 000001FD 00000000 00000000
00000009 0E950000 00000000 00000000 00000000 00000000 00000000 00000102 00000112 00000122 0000000E 00000001 0000000A 0000000B 00000000 000001FD 00000000 00000000
0000000A 0EA60000 00000000 00000000 00000000 00000000 00000000 00000102 00000112 00000122 0000000E 00000002 0000000A 0000000B 00000000 000001FD 00000000 00000000
0000000B 00B9A000 00000000 00000000 00000000 00000000 00000000 00000102 00000112 00000122 0000000E 00000002 00000014 0000000B 00000000 000001FD 00000000 00000000
0000000C 0FB70000 00000000 00000000 00000000 00000000 00000000 00000102 00000112 00000122 0000000E 00000002 00000014 00000016 00000000 000001FD 00000000 00000000
0000000D 00551001 00000000 00000001 00000000 00000000 00000000 00000102 00000112 00000122 0000000E 00000002 00000014 00000016 00000000 000001FD 00000000 00000000
0000000E 00661001 00000000 00000001 00000000 00000000 00000000 00000103 00000112 00000122 0000000E 00000002 00000014 00000016 00000000 000001FD 00000000 00000000
0000000F 00771001 00000000 00000001 00000000 00000000 00000000 00000103 00000113 00000122 0000000E 00000002 00000014 00000016 00000000 000001FD 00000000 00000000
00000010 01881001 00000000 00000001 00000000 00000000 00000000 00000103 00000113 00000123 0000000E 00000002 00000014 00000016 00000000 000001FD 00000000 00000000
00000011 08180009 00000000 00000009 00000000 00000000 00000000 00000103 00000113 00000123 0000000D 00000002 00000014 00000016 00000000 000001FD 00000000 00000000
00000009 0E950000 00000000 00000000 00000000 00000000 00000000 00000103 00000113 00000123 0000000D 00000002 00000014 00000016 00000000 000001FD 00000000 00000000
0000000A 0EA60000 00000000 00000000 00000000 00000000 00000000 00000103 00000113 00000123 0000000D 00000003 00000014 00000016 00000000 000001FD 00000000 00000000
0000000B 00B9A000 00000000 00000000 00000000 00000000 00000000 00000103 00000113 00000123 0000000D 00000003 0000001E 00000016 00000000 000001FD 00000000 00000000
0000000C 0FB70000 00000000 00000000 00000000 00000000 00000000 00000103 00000113 00000123 0000000D 00000003 0000001E 00000021 00000000 000001FD 00000000 00000000
0000000D 00551001 00000000 00000001 00000000 00000000 00000000 00000103 00000113 00000123 0000000D 00000003 0000001E 00000021 00000000 000001FD 00000000 00000000
0000000E 00661001 00000000 00000001 00000000 00000000 00000000 00000104 00000113 00000123 0000000D 00000003 0000001E 00000021 00000000 000001FD 00000000 00000000
0000000F 00771001 00000000 00000001 00000000 00000000 00000000 00000104 00000114 00000123 0000000D 00000003 0000001E 00000021 00000000 000001FD 00000000 00000000
00000010 01881001 00000000 00000001 00000000 00000000 00000000 00000104 00000114 00000124 0000000D 00000003 0000001E 00000021 00000000 000001FD 00000000 00000000
00000011 08180009 00000000 00000009 00000000 00000000 00000000 00000104 00000114 00000124 0000000C 00000003 0000001E 00000021 00000000 000001FD 00000000 00000000
00000009 0E950000 00000000 00000000 00000000 00000000 00000000 00000104 00000114 00000124 0000000C 00000003 0000001E 00000021 00000000 000001FD 00000000 00000000
0000000A 0EA60000 00000000 00000000 00000000 00000000 00000000 00000104 00000114 00000124 0000000C 00000004 0000001E 00000021 00000000 000001FD 00000000 00000000
0000000B 00B9A000 00000000 00000000 00000000 00000000 00000000 00000104 00000114 00000124 0000000C 00000004 00000028 00000021 00000000 000001FD 00000000 00000000
0000000C 0FB70000 00000000 00000000 00000000 00000000 00000000 00000104 00000114 00000124 0000000C 00000004 00000028 0000002C 00000000 000001FD 00000000 00000000
0000000D 00551001 00000000 00000001 00000000 00000000 00000000 00000104 00000114 00000124 0000000C 00000004 00000028 0000002C 00000000 000001FD 00000000 00000000
0000000E 00661001 00000000 00000001 00000000 00000000 00000000 00000105 00000114 00000124 0000000C 00000004 00000028 0000002C 00000000 000001FD 00000000 00000000
0000000F 00771001 00000000 00000001 00000000 00000000 00000000 00000105 00000115 00000124 0000000C 00000004 00000028 0000002C 00000000 000001FD 00000000 00000000
00000010 01881001 00000000 00000001 00000000 00000000 00000000 00000105 00000115 00000125 0000000C 00000004 00000028 0000002C 00000000 000001FD 00000000 00000000
00000011 08180009 00000000 00000009 00000000 00000000 00000000 00000105 00000115 00000125 0000000B 00000004 00000028 0000002C 00000000 000001FD 00000000 00000000
00000009 0E950000 00000000 00000000 00000000 00000000 00000000 00000105 00000115 00000125 0000000B 00000004 00000028 0000002C 00000000 000001FD 00000000 00000000
0000000A 0EA60000 00000000 00000000 00000000 00000000 00000000 00000105 00000115 00000125 0000000B 00000005 00000028 0000002C 00000000 000001FD 00000000 00000000
0000000B 00B9A000 00000000 00000000 00000000 00000000 00000000 00000105 00000115 00000125 0000000B 00000005 00000032 0000002C 00000000 000001FD 00000000 00000000
0000000C 0FB70000 00000000 00000000 00000000 00000000 00000000 00000105 00000115 00000125 0000000B 00000005 00000032 00000037 00000000 000001FD 00000000 00000000
0000000D 00551001 00000000 00000001 00000000 00000000 00000000 00000105 00000115 00000125 0000000B 00000005 00000032 00000037 00000000 000001FD 00000000 00000000
0000000E 00661001 00000000 00000001 00000000 00000000 00000000 00000106 00000115 00000125 0000000B 00000005 00000032 00000037 00000000 000001FD 00000000 00000000
0000000F 00771001 00000000 00000001 00000000 00000000 00000000 00000106 00000116 00000125 0000000B 00000005 00000032 00000037 00000000 000001FD 00000000 00000000
00000010 01881001 00000000 00000001 00000000 00000000 00000000 00000106 00000116 00000126 0000000B 00000005 00000032 00000037 00000000 000001FD 00000000 00000000
00000011 08180009 00000000 00000009 00000000 00000000 00000000 00000106 00000116 00000126 0000000A 00000005 00000032 00000037 00000000 000001FD 00000000 00000000
00000009 0E950000 00000000 00000000 00000000 00000000 00000000 00000106 00000116 00000126 0000000A 00000005 00000032 00000037 00000000 000001FD 00000000 00000000
0000000A 0EA60000 00000000 00000000 00000000 00000000 00000000 00000106 00000116 00000126 0000000A 00000006 00000032 00000037 00000000 000001FD 00000000 00000000
0000000B 00B9A000 00000000 00000000 00000000 00000000 00000000 00000106 00000116 00000126 0000000A 00000006 0000003C 00000037 00000000 000001FD 00000000 00000000
0000000C 0FB70000 00000000 00000000 00000000 00000000 00000000 00000106 00000116 00000126 0000000A 00000006 0000003C 00000042 00000000 000001FD 00000000 00000000
0000000D 00551001 00000000 00000001 00000000 00000000 00000000 00000106 00000116 00000126 0000000A 00000006 0000003C 00000042 00000000 000001FD 00000000 00000000
0000000E 00661001 00000000 00000001 00000000 00000000 00000000 00000107 00000116 00000126 0000000A 00000006 0000003C 00000042 00000000 000001FD 00000000 00000000
0000000F 00771001 00000000 00000001 00000000 00000000 00000000 00000107 00000117 00000126 0000000A 00000006 0000003C 00000042 00000000 000001FD 00000000 00000000
00000010 01881001 00000000 00000001 00000000 00000000 00000000 00000107 00000117 00000127 0000000A 00000006 0000003C 00000042 00000000 000001FD 00000000 00000000
00000011 08180009 00000000 00000009 00000000 00000000 00000000 00000107 00000117 00000127 00000009 00000006 0000003C 00000042 00000000 000001FD 00000000 00000000
00000009 0E950000 00000000 00000000 00000000 00000000 00000000 00000107 00000117 00000127 00000009 00000006 0000003C 00000042 00000000 000001FD 00000000 00000000
0000000A 0EA60000 00000000 00000000 00000000 00000000 00000000 00000107 00000117 00000127 00000009 00000007 0000003C 00000042 00000000 000001FD 00000000 00000000
0000000B 00B9A000 00000000 00000000 00000000 00000000 00000000 00000107 00000117 00000127 00000009 00000007 00000046 00000042 00000000 000001FD 00000000 00000000
0000000C 0FB70000 00000000 00000000 00000000 00000000 00000000 00000107 00000117 00000127 00000009 00000007 00000046 0000004D 00000000 000001FD 00000000 00000000
0000000D 00551001 00000000 00000001 00000000 00000000 00000000 00000107 00000117 00000127 00000009 00000007 00000046 0000004D 00000000 000001FD 00000000 00000000
0000000E 00661001 00000000 00000001 00000000 00000000 00000000 00000108 00000117 00000127 00000009 00000007 00000046 0000004D 00000000 000001FD 00000000 00000000
0000000F 00771001 00000000 00000001 00000000 00000000 00000000 00000108 00000118 00000127 00000009 00000007 00000046 0000004D 00000000 000001FD 00000000 00000000
00000010 01881001 00000000 00000001 00000000 00000000 00000000 00000108 00000118 00000128 00000009 00000007 00000046 0000004D 00000000 000001FD 00000000 00000000
00000011 08180009 00000000 00000009 00000000 00000000 00000000 00000108 00000118 00000128 00000008 00000007 00000046 0000004D 00000000 000001FD 00000000 00000000
00000009 0E950000 00000000 00000000 00000000 00000000 00000000 00000108 00000118 00000128 00000008 00000007 00000046 0000004D 00000000 000001FD 00000000 00000000
0000000A 0EA60000 00000000 00000000 00000000 00000000 00000000 00000108 00000118 00000128 00000008 00000008 00000046 0000004D 00000000 000001FD 00000000 00000000
0000000B 00B9A000 00000000 00000000 00000000 00000000 00000000 00000108 00000118 00000128 00000008 00000008 00000000 0000004D 00000000 000001FD 00000000 00000000
0000000C 0FB70000 00000000 00000000 00000000 00000000 00000000 00000108 00000118 00000128 00000008 00000008 00000000 00000008 00000000 000001FD 00000000 00000000
0000000D 00551001 00000000 00000001 00000000 00000000 00000000 00000108 00000118 00000128 00000008 00000008 00000000 00000008 00000000 000001FD 00000000 00000000
0000000E 00661001 00000000 00000001 00000000 00000000 00000000 00000109 00000118 00000128 00000008 00000008 00000000 00000008 00000000 000001FD 00000000 00000000
0000000F 00771001 00000000 00000001 00000000 00000000 00000000 00000109 00000119 00000128 00000008 00000008 00000000 00000008 00000000 000001FD 00000000 00000000
00000010 01881001 00000000 00000001 00000000 00000000 00000000 00000109 00000119 00000129 00000008 00000008 00000000 00000008 00000000 000001FD 00000000 00000000
00000011 08180009 00000000 00000009 00000000 00000000 00000000 00000109 00000119 00000129 00000007 00000008 00000000 00000008 00000000 000001FD 00000000 00000000
00000009 0E950000 00000000 00000000 00000000 00000000 00000000 00000109 00000119 00000129 00000007 00000008 00000000 00000008 00000000 000001FD 00000000 00000000
0000000A 0EA60000 00000000 00000000 00000000 00000000 00000000 00000109 00000119 00000129 00000007 00000009 00000000 00000008 00000000 000001FD 00000000 00000000
0000000B 00B9A000 00000000 00000000 00000000 00000000 00000000 00000109 00000119 00000129 00000007 00000009 FFFFFFF6 00000008 00000000 000001FD 00000000 00000000
0000000C 0FB70000 00000000 00000000 00000000 00000000 00000000 00000109 00000119 00000129 00000007 00000009 FFFFFFF6 FFFFFFFF 00000000 000001FD 00000000 00000000
0000000D 00551001 00000000 00000001 00000000 00000000 00000000 00000109 00000119 00000129 00000007 00000009 FFFFFFF6 FFFFFFFF 00000000 000001FD 00000000 00000000
0000000E 00661001 00000000 00000001 00000000 00000000 00000000 0000010A 00000119 00000129 00000007 00000009 FFFFFFF6 FFFFFFFF 00000000 000001FD 00000000 00000000
0000000F 00771001 00000000 00000001 00000000 00000000 00000000 0000010A 0000011A 00000129 00000007 00000009 FFFFFFF6 FFFFFFFF 00000000 000001FD 00000000 00000000
00000010 01881001 00000000 00000001 00000000 00000000 00000000 0000010A 0000011A 0000012A 00000007 00000009 FFFFFFF6 FFFFFFFF 00000000 000001FD 00000000 00000000
00000011 08180009 00000000 00000009 00000000 00000000 00000000 0000010A 0000011A 0000012A 00000006 00000009 FFFFFFF6 FFFFFFFF 00000000 000001FD 00000000 00000000
00000009 0E950000 00000000 00000000 00000000 00000000 00000000 0000010A 0000011A 0000012A 00000006 00000009 FFFFFFF6 FFFFFFFF 00000000 000001FD 00000000 00000000
0000000A 0EA60000 00000000 00000000 00000000 00000000 00000000 0000010A 0000011A 0000012A 00000006 0000000A FFFFFFF6 FFFFFFFF 00000000 000001FD 00000000 00000000
0000000B 00B9A000 00000000 00000000 00000000 00000000 00000000 0000010A 0000011A 0000012A 00000006 0000000A FFFFFFEC FFFFFFFF 00000000 000001FD 00000000 00000000
0000000C 0FB70000 00000000 00000000 00000000 00000000 00000000 0000010A 0000011A 0000012A 00000006 0000000A FFFFFFEC FFFFFFF6 00000000 000001FD 00000000 00000000
0000000D 00551001 00000000 00000001 00000000 00000000 00000000 0000010A 0000011A 0000012A 00000006 0000000A FFFFFFEC FFFFFFF6 00000000 000001FD 00000000 00000000
0000000E 00661001 00000000 00000001 00000000 00000000 00000000 0000010B 0000011A 0000012A 00000006 0000000A FFFFFFEC FFFFFFF6 00000000 000001FD 00000000 00000000
0000000F 00771001 00000000 00000001 00000000 00000000 00000000 0000010B 0000011B 0000012A 00000006 0000000A FFFFFFEC FFFFFFF6 00000000 000001FD 00000000 00000000
00000010 01881001 00000000 00000001 00000000 00000000 00000000 0000010B 0000011B 0000012B 00000006 0000000A FFFFFFEC FFFFFFF6 00000000 000001FD 00000000 00000000
00000011 08180009 00000000 00000009 00000000 00000000 00000000 0000010B 0000011B 0000012B 00000005 0000000A FFFFFFEC FFFFFFF6 00000000 000001FD 00000000 00000000
00000009 0E950000 00000000 00000000 00000000 00000000 00000000 0000010B 0000011B 0000012B 00000005 0000000A FFFFFFEC FFFFFFF6 00000000 000001FD 00000000 00000000
0000000A 0EA60000 00000000 00000000 00000000 00000000 00000000 0000010B 0000011B 0000012B 00000005 0000000B FFFFFFEC FFFFFFF6 00000000 000001FD 00000000 00000000
0000000B 00B9A000 00000000 00000000 00000000 00000000 00000000 0000010B 0000011B 0000012B 00000005 0000000B FFFFFFE2 FFFFFFF6 00000000 000001FD 00000000 00000000
0000000C 0FB70000 00000000 00000000 00000000 00000000 00000000 0000010B 0000011B 0000012B 00000005 0000000B FFFFFFE2 FFFFFFED 00000000 000001FD 00000000 00000000
0000000D 00551001 00000000 00000001 00000000 00000000 00000000 0000010B 0000011B 0000012B 00000005 0000000B FFFFFFE2 FFFFFFED 00000000 000001FD 00000000 00000000
0000000E 00661001 00000000 00000001 00000000 00000000 00000000 0000010C 0000011B 0000012B 00000005 0000000B FFFFFFE2 FFFFFFED 00000000 000001FD 00000000 00000000
0000000F 00771001 00000000 00000001 00000000 00000000 00000000 0000010C 0000011C 0000012B 00000005 0000000B FFFFFFE2 FFFFFFED 00000000 000001FD 00000000 00000000
00000010 01881001 00000000 00000001 00000000 00000000 00000000 0000010C 0000011C 0000012C 00000005 0000000B FFFFFFE2 FFFFFFED 00000000 000001FD 00000000 00000000
00000011 08180009 00000000 00000009 00000000 00000000 00000000 0000010C 0000011C 0000012C 00000004 0000000B FFFFFFE2 FFFFFFED 00000000 000001FD 00000000 00000000
00000009 0E950000 00000000 00000000 00000000 00000000 00000000 0000010C 0000011C 0000012C 00000004 0000000B FFFFFFE2 FFFFFFED 00000000 000001FD 00000000 00000000
0000000A 0EA60000 00000000 00000000 00000000 00000000 00000000 0000010C 0000011C 0000012C 00000004 0000000C FFFFFFE2 FFFFFFED 00000000 000001FD 00000000 00000000
0000000B 00B9A000 00000000 00000000 00000000 00000000 00000000 0000010C 0000011C 0000012C 00000004 0000000C FFFFFFD8 FFFFFFED 00000000 000001FD 00000000 00000000
0000000C 0FB70000 00000000 00000000 00000000 00000000 00000000 0000010C 0000011C 0000012C 00000004 0000000C FFFFFFD8 FFFFFFE4 00000000 000001FD 00000000 00000000
0000000D 00551001 00000000 00000001 00000000 00000000 00000000 0000010C 0000011C 0000012C 00000004 0000000C FFFFFFD8 FFFFFFE4 00000000 000001FD 00000000 00000000
0000000E 00661001 00000000 00000001 00000000 00000000 00000000 0000010D 0000011C 0000012C 00000004 0000000C FFFFFFD8 FFFFFFE4 00000000 000001FD 00000000 00000000
0000000F 00771001 00000000 00000001 00000000 00000000 00000000 0000010D 0000011D 0000012C 00000004 0000000C FFFFFFD8 FFFFFFE4 00000000 000001FD 00000000 00000000
00000010 01881001 00000000 00000001 00000000 00000000 00000000 0000010D 0000011D 0000012D 00000004 0000000C FFFFFFD8 FFFFFFE4 00000000 000001FD 00000000 00000000
00000011 08180009 00000000 00000009 00000000 00000000 00000000 0000010D 0000011D 0000012D 00000003 0000000C FFFFFFD8 FFFFFFE4 00000000 000001FD 00000000 00000000
00000009 0E950000 00000000 00000000 00000000 00000000 00000000 0000010D 0000011D 0000012D 00000003 0000000C FFFFFFD8 FFFFFFE4 00000000 000001FD 00000000 00000000
0000000A 0EA60000 00000000 00000000 00000000 00000000 00000000 0000010D 0000011D 0000012D 00000003 0000000D FFFFFFD8 FFFFFFE4 00000000 000001FD 00000000 00000000
0000000B 00B9A000 00000000 00000000 00000000 00000000 00000000 0000010D 0000011D 0000012D 00000003 0000000D FFFFFFCE FFFFFFE4 00000000 000001FD 00000000 00000000
0000000C 0FB70000 00000000 00000000 00000000 00000000 00000000 0000010D 0000011D 0000012D 00000003 0000000D FFFFFFCE FFFFFFDB 00000000 000001FD 00000000 00000000
0000000D 00551001 00000000 00000001 00000000 00000000 00000000 0000010D 0000011D 0000012D 00000003 0000000D FFFFFFCE FFFFFFDB 00000000 000001FD 00000000 00000000
0000000E 00661001 00000000 00000001 00000000 00000000 00000000 0000010E 0000011D 0000012D 00000003 0000000D FFFFFFCE FFFFFFDB 00000000 000001FD 00000000 00000000
0000000F 00771001 00000000 00000001 00000000 00000000 00000000 0000010E 0000011E 0000012D 00000003 0000000D FFFFFFCE FFFFFFDB 00000000 000001FD 00000000 00000000
00000010 01881001 00000000 00000001 00000000 00000000 00000000 0000010E 0000011E 0000012E 00000003 0000000D FFFFFFCE FFFFFFDB 00000000 000001FD 00000000 00000000
00000011 08180009 00000000 00000009 00000000 00000000 00000000 0000010E 0000011E 0000012E 00000002 0000000D FFFFFFCE FFFFFFDB 00000000 000001FD 00000000 00000000
00000009 0E950000 00000000 00000000 00000000 00000000 00000000 0000010E 0000011E 0000012E 00000002 0000000D FFFFFFCE FFFFFFDB 00000000 000001FD 00000000 00000000
0000000A 0EA60000 00000000 00000000 00000000 00000000 00000000 0000010E 0000011E 0000012E 00000002 0000000E FFFFFFCE FFFFFFDB 00000000 000001FD 00000000 00000000
0000000B 00B9A000 00000000 00000000 00000000 00000000 00000000 0000010E 0000011E 0000012E 00000002 0000000E FFFFFFC4 FFFFFFDB 00000000 000001FD 00000000 00000000
0000000C 0FB70000 00000000 00000000 00000000 00000000 00000000 0000010E 0000011E 0000012E 00000002 0000000E FFFFFFC4 FFFFFFD2 00000000 000001FD 00000000 00000000
0000000D 00551001 00000000 00000001 00000000 00000000 00000000 0000010E 0000011E 0000012E 00000002 0000000E FFFFFFC4 FFFFFFD2 00000000 000001FD 00000000 00000000
0000000E 00661001 00000000 00000001 00000000 00000000 00000000 0000010F 0000011E 0000012E 00000002 0000000E FFFFFFC4 FFFFFFD2 00000000 000001FD 00000000 00000000
0000000F 00771001 00000000 00000001 00000000 00000000 00000000 0000010F 0000011F 0000012E 00000002 0000000E FFFFFFC4 FFFFFFD2 00000000 000001FD 00000000 00000000
00000010 01881001 00000000 00000001 00000000 00000000 00000000 0000010F 0000011F 0000012F 00000002 0000000E FFFFFFC4 FFFFFFD2 00000000 000001FD 00000000 00000000
00000011 08180009 00000000 00000009 00000000 00000000 00000000 0000010F 0000011F 0000012F 00000001 0000000E FFFFFFC4 FFFFFFD2 00000000 000001FD 00000000 00000000
00000009 0E950000 00000000 00000000 00000000 00000000 00000000 0000010F 0000011F 0000012F 00000001 0000000E FFFFFFC4 FFFFFFD2 00000000 000001FD 00000000 00000000
0000000A 0EA60000 00000000 00000000 00000000 00000000 00000000 0000010F 0000011F 0000012F 00000001 0000000F FFFFFFC4 FFFFFFD2 00000000 000001FD 00000000 00000000
0000000B 00B9A000 00000000 00000000 00000000 00000000 00000000 0000010F 0000011F 0000012F 00000001 0000000F FFFFFFBA FFFFFFD2 00000000 000001FD 00000000 00000000
0000000C 0FB70000 00000000 00000000 00000000 00000000 00000000 0000010F 0000011F 0000012F 00000001 0000000F FFFFFFBA FFFFFFC9 00000000 000001FD 00000000 00000000
0000000D 00551001 00000000 00000001 00000000 00000000 00000000 0000010F 0000011F 0000012F 00000001 0000000F FFFFFFBA FFFFFFC9 00000000 000001FD 00000000 00000000
0000000E 00661001 00000000 00000001 00000000 00000000 00000000 00000110 0000011F 0000012F 00000001 0000000F FFFFFFBA FFFFFFC9 00000000 000001FD 00000000 00000000
0000000F 00771001 00000000 00000001 00000000 00000000 00000000 00000110 00000120 0000012F 00000001 0000000F FFFFFFBA FFFFFFC9 00000000 000001FD 00000000 00000000
00000010 01881001 00000000 00000001 00000000 00000000 00000000 00000110 00000120 00000130 00000001 0000000F FFFFFFBA FFFFFFC9 00000000 000001FD 00000000 00000000
00000011 08180009 00000000 00000009 00000000 00000000 00000000 00000110 00000120 00000130 00000000 0000000F FFFFFFBA FFFFFFC9 00000000 000001FD 00000000 00000000
00000012 0E9D1002 00000000 00000002 00000000 00000000 00000000 00000110 00000120 00000130 00000000 0000000F FFFFFFBA FFFFFFC9 00000000 000001FD 00000000 00000000
00000013 0EAD1001 00000000 00000001 00000000 00000000 00000000 00000110 00000120 00000130 00000000 00000000 FFFFFFBA FFFFFFC9 00000000 000001FD 00000000 00000000
00000014 0EBD1000 00000000 00000000 00000000 00000000 00000000 00000110 00000120 00000130 00000000 00000000 00000000 FFFFFFC9 00000000 000001FD 00000000 00000000
00000015 13000000 00000000 00000000 00000000 00000000 00000000 00000110 00000120 00000130 00000000 00000000 00000000 00000000 00000000 000001FD 00000000 00000000
