00000000 0E401100 00000000 00000100 00000000 00000000 00000000 00000000 00000000 00000000 00000000 00000000 00000000 00000000 00000000 00000000 00000000 00000000
00000001 0E301101 00000000 00000101 00000000 00000000 00000003 00000000 00000000 00000000 00000000 00000000 00000000 00000000 00000000 00000000 00000000 00000000
00000002 00D011FF 00000000 000001FF 00000000 00000002 00000003 00000000 00000000 00000000 00000000 00000000 00000000 00000000 00000000 00000000 00000000 00000000
00000003 0D100006 00000000 00000006 00000000 00000002 00000003 00000000 00000000 00000000 00000000 00000000 00000000 00000000 00000000 000001FF 00000000 00000000
00000006 01DD1004 00000000 00000004 00000000 00000002 00000003 00000000 00000000 00000000 00000000 00000000 00000000 00000000 00000000 000001FF 00000000 00000004
00000007 0FFD1004 00000000 00000004 00000000 00000002 00000003 00000000 00000000 00000000 00000000 00000000 00000000 00000000 00000000 000001FB 00000000 00000004
00000008 0F9D1003 00000000 00000003 00000000 00000002 00000003 00000000 00000000 00000000 00000000 00000000 00000000 00000000 00000000 000001FB 00000000 00000004
00000009 0F3D1002 00000000 00000002 00000000 00000002 00000003 00000000 00000000 00000000 00000000 00000000 00000000 00000000 00000000 000001FB 00000000 00000004
0000000A 0F4D1001 00000000 00000001 00000000 00000002 00000003 00000000 00000000 00000000 00000000 00000000 00000000 00000000 00000000 000001FB 00000000 00000004
0000000B 07130019 00000000 00000019 00000000 00000002 00000003 00000000 00000000 00000000 00000000 00000000 00000000 00000000 00000000 000001FB 00000000 00000004
0000000C 07134019 00000000 00000019 00000000 00000002 00000003 00000000 00000000 00000000 00000000 00000000 00000000 00000000 00000000 000001FB 00000000 00000004
0000000D 01441001 00000000 00000001 00000000 00000002 00000003 00000000 00000000 00000000 00000000 00000000 00000000 00000000 00000000 000001FB 00000000 00000004
0000000E 0D100006 00000000 00000006 00000000 00000002 00000002 00000000 00000000 00000000 00000000 00000000 00000000 00000000 00000000 000001FB 00000000 00000004
00000006 01DD1004 00000000 00000004 00000000 00000002 00000002 00000000 00000000 00000000 00000000 00000000 00000000 00000000 00000000 000001FB 00000000 0000000F
00000007 0FFD1004 00000000 00000004 00000000 00000002 00000002 00000000 00000000 00000000 00000000 00000000 00000000 00000000 00000000 000001F7 00000000 0000000F
00000008 0F9D1003 00000000 00000003 00000000 00000002 00000002 00000000 00000000 00000000 00000000 00000000 00000000 00000000 00000000 000001F7 00000000 0000000F
00000009 0F3D1002 00000000 00000002 00000000 00000002 00000002 00000000 00000000 00000000 00000000 00000000 00000000 00000000 00000000 000001F7 00000000 0000000F
0000000A 0F4D1001 00000000 00000001 00000000 00000002 00000002 00000000 00000000 00000000 00000000 00000000 00000000 00000000 00000000 000001F7 00000000 0000000F
0000000B 07130019 00000000 00000019 00000000 00000002 00000002 00000000 00000000 00000000 00000000 00000000 00000000 00000000 00000000 000001F7 00000000 0000000F
0000000C 07134019 00000000 00000019 00000000 00000002 00000002 00000000 00000000 00000000 00000000 00000000 00000000 00000000 00000000 000001F7 00000000 0000000F
00000019 00201001 00000000 00000001 00000000 00000002 00000002 00000000 00000000 00000000 00000000 00000000 00000000 00000000 00000000 000001F7 00000000 0000000F
0000001A 07100013 00000000 00000013 00000001 00000002 00000002 00000000 00000000 00000000 00000000 00000000 00000000 00000000 00000000 000001F7 00000000 0000000F
00000013 0EFD1004 00000000 00000004 00000001 00000002 00000002 00000000 00000000 00000000 00000000 00000000 00000000 00000000 00000000 000001F7 00000000 0000000F
00000014 0E9D1003 00000000 00000003 00000001 00000002 00000002 00000000 00000000 00000000 00000000 00000000 00000000 00000000 00000000 000001F7 00000000 0000000F
00000015 0E3D1002 00000000 00000002 00000001 00000002 00000002 00000000 00000000 00000000 00000000 00000000 00000000 00000000 00000000 000001F7 00000000 0000000F
00000016 0E4D1001 00000000 00000001 00000001 00000002 00000002 00000000 00000000 00000000 00000000 00000000 00000000 00000000 00000000 000001F7 00000000 0000000F
00000017 00DD1004 00000000 00000004 00000001 00000002 00000002 00000000 00000000 00000000 00000000 00000000 00000000 00000000 00000000 000001F7 00000000 0000000F
00000018 07F00000 00000000 00000000 00000001 00000002 00000002 00000000 00000000 00000000 00000000 00000000 00000000 00000000 00000000 000001FB 00000000 0000000F
0000000F 01331001 00000000 00000001 00000001 00000002 00000002 00000000 00000000 00000000 00000000 00000000 00000000 00000000 00000000 000001FB 00000000 0000000F
00000010 00902000 00000000 00000000 00000001 00000001 00000002 00000000 00000000 00000000 00000000 00000000 00000000 00000000 00000000 000001FB 00000000 0000000F
00000011 0D100006 00000000 00000006 00000001 00000001 00000002 00000000 00000000 00000000 00000000 00000001 00000000 00000000 00000000 000001FB 00000000 0000000F
00000006 01DD1004 00000000 00000004 00000001 00000001 00000002 00000000 00000000 00000000 00000000 00000001 00000000 00000000 00000000 000001FB 00000000 00000012
00000007 0FFD1004 00000000 00000004 00000001 00000001 00000002 00000000 00000000 00000000 00000000 00000001 00000000 00000000 00000000 000001F7 00000000 00000012
00000008 0F9D1003 00000000 00000003 00000001 00000001 00000002 00000000 00000000 00000000 00000000 00000001 00000000 00000000 00000000 000001F7 00000000 00000012
00000009 0F3D1002 00000000 00000002 00000001 00000001 00000002 00000000 00000000 00000000 00000000 00000001 00000000 00000000 00000000 000001F7 00000000 00000012
0000000A 0F4D1001 00000000 00000001 00000001 00000001 00000002 00000000 00000000 00000000 00000000 00000001 00000000 00000000 00000000 000001F7 00000000 00000012
0000000B 07130019 00000000 00000019 00000001 00000001 00000002 00000000 00000000 00000000 00000000 00000001 00000000 00000000 00000000 000001F7 00000000 00000012
0000000C 07134019 00000000 00000019 00000001 00000001 00000002 00000000 00000000 00000000 00000000 00000001 00000000 00000000 00000000 000001F7 00000000 00000012
0000000D 01441001 00000000 00000001 00000001 00000001 00000002 00000000 00000000 00000000 00000000 00000001 00000000 00000000 00000000 000001F7 00000000 00000012
0000000E 0D100006 00000000 00000006 00000001 00000001 00000001 00000000 00000000 00000000 00000000 00000001 00000000 00000000 00000000 000001F7 00000000 00000012
00000006 01DD1004 00000000 00000004 00000001 00000001 00000001 00000000 00000000 00000000 00000000 00000001 00000000 00000000 00000000 000001F7 00000000 0000000F
00000007 0FFD1004 00000000 00000004 00000001 00000001 00000001 00000000 00000000 00000000 00000000 00000001 00000000 00000000 00000000 000001F3 00000000 0000000F
00000008 0F9D1003 00000000 00000003 00000001 00000001 00000001 00000000 00000000 00000000 00000000 00000001 00000000 00000000 00000000 000001F3 00000000 0000000F
00000009 0F3D1002 00000000 00000002 00000001 00000001 00000001 00000000 00000000 00000000 00000000 00000001 00000000 00000000 00000000 000001F3 00000000 0000000F
0000000A 0F4D1001 00000000 00000001 00000001 00000001 00000001 00000000 00000000 00000000 00000000 00000001 00000000 00000000 00000000 000001F3 00000000 0000000F
0000000B 07130019 00000000 00000019 00000001 00000001 00000001 00000000 00000000 00000000 00000000 00000001 00000000 00000000 00000000 000001F3 00000000 0000000F
0000000C 07134019 00000000 00000019 00000001 00000001 00000001 00000000 00000000 00000000 00000000 00000001 00000000 00000000 00000000 000001F3 00000000 0000000F
00000019 00201001 00000000 00000001 00000001 00000001 00000001 00000000 00000000 00000000 00000000 00000001 00000000 00000000 00000000 000001F3 00000000 0000000F
0000001A 07100013 00000000 00000013 00000001 00000001 00000001 00000000 00000000 00000000 00000000 00000001 00000000 00000000 00000000 000001F3 00000000 0000000F
00000013 0EFD1004 00000000 00000004 00000001 00000001 00000001 00000000 00000000 00000000 00000000 00000001 00000000 00000000 00000000 000001F3 00000000 0000000F
00000014 0E9D1003 00000000 00000003 00000001 00000001 00000001 00000000 00000000 00000000 00000000 00000001 00000000 00000000 00000000 000001F3 00000000 0000000F
00000015 0E3D1002 00000000 00000002 00000001 00000001 00000001 00000000 00000000 00000000 00000000 00000001 00000000 00000000 00000000 000001F3 00000000 0000000F
00000016 0E4D1001 00000000 00000001 00000001 00000001 00000001 00000000 00000000 00000000 00000000 00000001 00000000 00000000 00000000 000001F3 00000000 0000000F
00000017 00DD1004 00000000 00000004 00000001 00000001 00000001 00000000 00000000 00000000 00000000 00000001 00000000 00000000 00000000 000001F3 00000000 0000000F
00000018 07F00000 00000000 00000000 00000001 00000001 00000001 00000000 00000000 00000000 00000000 00000001 00000000 00000000 00000000 000001F7 00000000 0000000F
0000000F 01331001 00000000 00000001 00000001 00000001 00000001 00000000 00000000 00000000 00000000 00000001 00000000 00000000 00000000 000001F7 00000000 0000000F
00000010 00902000 00000000 00000000 00000001 00000000 00000001 00000000 00000000 00000000 00000000 00000001 00000000 00000000 00000000 000001F7 00000000 0000000F
00000011 0D100006 00000000 00000006 00000001 00000000 00000001 00000000 00000000 00000000 00000000 00000001 00000000 00000000 00000000 000001F7 00000000 0000000F
00000006 01DD1004 00000000 00000004 00000001 00000000 00000001 00000000 00000000 00000000 00000000 00000001 00000000 00000000 00000000 000001F7 00000000 00000012
00000007 0FFD1004 00000000 00000004 00000001 00000000 00000001 00000000 00000000 00000000 00000000 00000001 00000000 00000000 00000000 000001F3 00000000 00000012
00000008 0F9D1003 00000000 00000003 00000001 00000000 00000001 00000000 00000000 00000000 00000000 00000001 00000000 00000000 00000000 000001F3 00000000 00000012
00000009 0F3D1002 00000000 00000002 00000001 00000000 00000001 00000000 00000000 00000000 00000000 00000001 00000000 00000000 00000000 000001F3 00000000 00000012
0000000A 0F4D1001 00000000 00000001 00000001 00000000 00000001 00000000 00000000 00000000 00000000 00000001 00000000 00000000 00000000 000001F3 00000000 00000012
0000000B 07130019 00000000 00000019 00000001 00000000 00000001 00000000 00000000 00000000 00000000 00000001 00000000 00000000 00000000 000001F3 00000000 00000012
00000019 00201001 00000000 00000001 00000001 00000000 00000001 00000000 00000000 00000000 00000000 00000001 00000000 00000000 00000000 000001F3 00000000 00000012
0000001A 07100013 00000000 00000013 00000001 00000000 00000001 00000000 00000000 00000000 00000000 00000001 00000000 00000000 00000000 000001F3 00000000 00000012
00000013 0EFD1004 00000000 00000004 00000001 00000000 00000001 00000000 00000000 00000000 00000000 00000001 00000000 00000000 00000000 000001F3 00000000 00000012
00000014 0E9D1003 00000000 00000003 00000001 00000000 00000001 00000000 00000000 00000000 00000000 00000001 00000000 00000000 00000000 000001F3 00000000 00000012
00000015 0E3D1002 00000000 00000002 00000001 00000000 00000001 00000000 00000000 00000000 00000000 00000001 00000000 00000000 00000000 000001F3 00000000 00000012
00000016 0E4D1001 00000000 00000001 00000001 00000000 00000001 00000000 00000000 00000000 00000000 00000001 00000000 00000000 00000000 000001F3 00000000 00000012
00000017 00DD1004 00000000 00000004 00000001 00000000 00000001 00000000 00000000 00000000 00000000 00000001 00000000 00000000 00000000 000001F3 00000000 00000012
00000018 07F00000 00000000 00000000 00000001 00000000 00000001 00000000 00000000 00000000 00000000 00000001 00000000 00000000 00000000 000001F7 00000000 00000012
00000012 00229000 00000000 00000000 00000001 00000000 00000001 00000000 00000000 00000000 00000000 00000001 00000000 00000000 00000000 000001F7 00000000 00000012
00000013 0EFD1004 00000000 00000004 00000002 00000000 00000001 00000000 00000000 00000000 00000000 00000001 00000000 00000000 00000000 000001F7 00000000 00000012
00000014 0E9D1003 00000000 00000003 00000002 00000000 00000001 00000000 00000000 00000000 00000000 00000001 00000000 00000000 00000000 000001F7 00000000 00000012
00000015 0E3D1002 00000000 00000002 00000002 00000000 00000001 00000000 00000000 00000000 00000000 00000001 00000000 00000000 00000000 000001F7 00000000 00000012
00000016 0E4D1001 00000000 00000001 00000002 00000001 00000001 00000000 00000000 00000000 00000000 00000001 00000000 00000000 00000000 000001F7 00000000 00000012
00000017 00DD1004 00000000 00000004 00000002 00000001 00000002 00000000 00000000 00000000 00000000 00000001 00000000 00000000 00000000 000001F7 00000000 00000012
00000018 07F00000 00000000 00000000 00000002 00000001 00000002 00000000 00000000 00000000 00000000 00000001 00000000 00000000 00000000 000001FB 00000000 00000012
00000012 00229000 00000000 00000000 00000002 00000001 00000002 00000000 00000000 00000000 00000000 00000001 00000000 00000000 00000000 000001FB 00000000 00000012
00000013 0EFD1004 00000000 00000004 00000003 00000001 00000002 00000000 00000000 00000000 00000000 00000001 00000000 00000000 00000000 000001FB 00000000 00000012
00000014 0E9D1003 00000000 00000003 00000003 00000001 00000002 00000000 00000000 00000000 00000000 00000001 00000000 00000000 00000000 000001FB 00000000 00000004
00000015 0E3D1002 00000000 00000002 00000003 00000001 00000002 00000000 00000000 00000000 00000000 00000000 00000000 00000000 00000000 000001FB 00000000 00000004
00000016 0E4D1001 00000000 00000001 00000003 00000002 00000002 00000000 00000000 00000000 00000000 00000000 00000000 00000000 00000000 000001FB 00000000 00000004
00000017 00DD1004 00000000 00000004 00000003 00000002 00000003 00000000 00000000 00000000 00000000 00000000 00000000 00000000 00000000 000001FB 00000000 00000004
00000018 07F00000 00000000 00000000 00000003 00000002 00000003 00000000 00000000 00000000 00000000 00000000 00000000 00000000 00000000 000001FF 00000000 00000004
00000004 0F201102 00000000 00000102 00000003 00000002 00000003 00000000 00000000 00000000 00000000 00000000 00000000 00000000 00000000 000001FF 00000000 00000004
00000005 13000000 00000000 00000000 00000003 00000002 00000003 00000000 00000000 00000000 00000000 00000000 00000000 00000000 00000000 000001FF 00000000 00000004
